Optimal Golomb Rulers (from Java implementation):
=================================================
n=2  length=1   marks=[0, 1]
Distances (1): [1]

n=3  length=3   marks=[0, 1, 3]
Distances (3): [1, 2, 3]

n=4  length=6   marks=[0, 1, 4, 6]
Distances (6): [1, 2, 3, 4, 5, 6]

n=5  length=11  marks=[0, 1, 4, 9, 11]
Distances (10): [1, 2, 3, 4, 5, 7, 8, 9, 10, 11]

n=6  length=17  marks=[0, 1, 4, 10, 12, 17]
Distances (15): [1, 2, 3, 4, 5, 6, 7, 8, 9, 10, 11, 12, 13, 16, 17]

n=7  length=25  marks=[0, 1, 4, 10, 18, 23, 25]
Distances (21): [1, 2, 3, 4, 5, 6, 7, 8, 9, 10, 13, 14, 15, 17, 18, 19, 21, 22, 23, 24, 25]

n=8  length=34  marks=[0, 1, 4, 9, 15, 22, 32, 34]
Distances (28): [1, 2, 3, 4, 5, 6, 7, 8, 9, 10, 11, 12, 13, 14, 15, 17, 18, 19, 21, 22, 23, 25, 28, 30, 31, 32, 33, 34]

n=9  length=44  marks=[0, 1, 5, 12, 25, 27, 35, 41, 44]
Distances (36): [1, 2, 3, 4, 5, 6, 7, 8, 9, 10, 11, 12, 13, 14, 15, 16, 17, 19, 20, 22, 23, 24, 25, 26, 27, 29, 30, 32, 34, 35, 36, 39, 40, 41, 43, 44]

n=10 length=55  marks=[0, 1, 6, 10, 23, 26, 34, 41, 53, 55]
Distances (45): [1, 2, 3, 4, 5, 6, 7, 8, 9, 10, 11, 12, 13, 14, 15, 16, 17, 18, 19, 20, 21, 22, 23, 24, 25, 26, 27, 28, 29, 30, 31, 32, 33, 34, 35, 40, 41, 43, 45, 47, 49, 52, 53, 54, 55]

n=11 length=72  marks=[0, 1, 4, 13, 28, 33, 47, 54, 64, 70, 72]
Distances (55): [1, 2, 3, 4, 5, 6, 7, 8, 9, 10, 12, 13, 14, 15, 16, 17, 18, 19, 20, 21, 23, 24, 25, 26, 27, 28, 29, 31, 32, 33, 34, 36, 37, 39, 41, 42, 43, 44, 46, 47, 50, 51, 53, 54, 57, 59, 60, 63, 64, 66, 68, 69, 70, 71, 72]

n=12 length=85  marks=[0, 2, 6, 24, 29, 40, 43, 55, 68, 75, 76, 85]
Distances (66): [1, 2, 3, 4, 5, 6, 7, 8, 9, 10, 11, 12, 13, 14, 15, 16, 17, 18, 19, 20, 21, 22, 23, 24, 25, 26, 27, 28, 29, 30, 31, 32, 33, 34, 35, 36, 37, 38, 39, 40, 41, 42, 43, 44, 45, 46, 47, 49, 51, 52, 53, 55, 56, 61, 62, 66, 68, 69, 70, 73, 74, 75, 76, 79, 83, 85]

n=13 length=106 marks=[0, 2, 5, 25, 37, 43, 59, 70, 85, 89, 98, 99, 106]
Distances (78): [1, 2, 3, 4, 5, 6, 7, 8, 9, 10, 11, 12, 13, 14, 15, 16, 17, 18, 19, 20, 21, 22, 23, 25, 26, 27, 28, 29, 30, 32, 33, 34, 35, 36, 37, 38, 39, 40, 41, 42, 43, 45, 46, 47, 48, 52, 54, 55, 56, 57, 59, 60, 61, 62, 63, 64, 65, 68, 69, 70, 73, 74, 80, 81, 83, 84, 85, 87, 89, 93, 94, 96, 97, 98, 99, 101, 104, 106]

n=14 length=127 marks=[0, 4, 6, 20, 35, 52, 59, 77, 78, 86, 89, 99, 122, 127]
Distances (91): [1, 2, 3, 4, 5, 6, 7, 8, 9, 10, 11, 12, 13, 14, 15, 16, 17, 18, 19, 20, 21, 22, 23, 24, 25, 26, 27, 28, 29, 30, 31, 32, 33, 34, 35, 36, 37, 38, 39, 40, 41, 42, 43, 44, 45, 46, 47, 48, 49, 50, 51, 52, 53, 54, 55, 57, 58, 59, 63, 64, 66, 68, 69, 70, 71, 72, 73, 74, 75, 77, 78, 79, 80, 82, 83, 85, 86, 87, 89, 92, 93, 95, 99, 102, 107, 116, 118, 121, 122, 123, 127]

n=15 length=151 marks=[0, 4, 20, 30, 57, 59, 62, 76, 100, 111, 123, 136, 144, 145, 151]
Distances (105): [1, 2, 3, 4, 5, 6, 7, 8, 9, 10, 11, 12, 13, 14, 15, 16, 17, 19, 20, 21, 22, 23, 24, 25, 26, 27, 28, 29, 30, 32, 33, 34, 35, 36, 37, 38, 39, 40, 41, 42, 43, 44, 45, 46, 47, 49, 51, 52, 53, 54, 55, 56, 57, 58, 59, 60, 61, 62, 64, 66, 68, 69, 70, 72, 74, 75, 76, 77, 79, 80, 81, 82, 83, 85, 86, 87, 88, 89, 91, 92, 93, 94, 96, 100, 103, 106, 107, 111, 114, 115, 116, 119, 121, 123, 124, 125, 131, 132, 136, 140, 141, 144, 145, 147, 151]

n=16 length=177 marks=[0, 1, 4, 11, 26, 32, 56, 68, 76, 115, 117, 134, 150, 163, 168, 177]
Distances (120): [1, 2, 3, 4, 5, 6, 7, 8, 9, 10, 11, 12, 13, 14, 15, 16, 17, 18, 19, 20, 21, 22, 24, 25, 26, 27, 28, 29, 30, 31, 32, 33, 34, 35, 36, 39, 41, 42, 43, 44, 45, 46, 47, 48, 49, 50, 51, 52, 53, 55, 56, 57, 58, 59, 60, 61, 62, 64, 65, 66, 67, 68, 72, 74, 75, 76, 78, 82, 83, 85, 87, 89, 91, 92, 94, 95, 100, 101, 102, 104, 106, 107, 108, 109, 111, 112, 113, 114, 115, 116, 117, 118, 121, 123, 124, 130, 131, 133, 134, 136, 137, 139, 142, 145, 146, 149, 150, 151, 152, 157, 159, 162, 163, 164, 166, 167, 168, 173, 176, 177]

n=17 length=199 marks=[0, 5, 7, 17, 52, 56, 67, 80, 81, 100, 122, 138, 159, 165, 168, 191, 199]
Distances (136): [1, 2, 3, 4, 5, 6, 7, 8, 9, 10, 11, 12, 13, 14, 15, 16, 17, 19, 20, 21, 22, 23, 24, 25, 26, 27, 28, 29, 30, 31, 32, 33, 34, 35, 37, 38, 39, 40, 41, 42, 43, 44, 45, 46, 47, 48, 49, 50, 51, 52, 53, 55, 56, 57, 58, 59, 60, 61, 62, 63, 64, 65, 66, 67, 68, 69, 70, 71, 73, 74, 75, 76, 77, 78, 79, 80, 81, 82, 83, 84, 85, 86, 87, 88, 91, 92, 93, 95, 98, 99, 100, 101, 103, 105, 107, 109, 110, 111, 112, 113, 115, 116, 117, 118, 119, 121, 122, 124, 131, 132, 133, 135, 138, 139, 142, 143, 147, 148, 151, 152, 154, 158, 159, 160, 161, 163, 165, 168, 174, 182, 184, 186, 191, 192, 194, 199]

n=18 length=216 marks=[0, 2, 10, 22, 53, 56, 82, 83, 89, 98, 130, 148, 153, 167, 188, 192, 205, 216]
Distances (153): [1, 2, 3, 4, 5, 6, 7, 8, 9, 10, 11, 12, 13, 14, 15, 16, 17, 18, 19, 20, 21, 22, 23, 24, 25, 26, 27, 28, 29, 30, 31, 32, 33, 34, 35, 36, 37, 38, 39, 40, 41, 42, 43, 44, 45, 46, 47, 48, 49, 50, 51, 52, 53, 54, 55, 56, 57, 58, 59, 60, 61, 62, 63, 64, 65, 66, 67, 68, 69, 70, 71, 72, 73, 74, 75, 76, 77, 78, 79, 80, 81, 82, 83, 84, 85, 86, 87, 88, 89, 90, 92, 94, 95, 96, 97, 98, 99, 100, 103, 105, 106, 107, 108, 109, 110, 111, 114, 116, 118, 120, 122, 123, 126, 127, 128, 130, 131, 132, 133, 134, 135, 136, 138, 139, 143, 145, 146, 148, 149, 151, 152, 153, 157, 160, 163, 165, 166, 167, 170, 178, 182, 183, 186, 188, 190, 192, 194, 195, 203, 205, 206, 214, 216]

n=19 length=246 marks=[0, 1, 6, 25, 32, 72, 100, 108, 120, 130, 153, 169, 187, 190, 204, 231, 233, 242, 246]
Distances (171): [1, 2, 3, 4, 5, 6, 7, 8, 9, 10, 11, 12, 13, 14, 15, 16, 17, 18, 19, 20, 21, 22, 23, 24, 25, 26, 27, 28, 29, 30, 31, 32, 33, 34, 35, 36, 37, 38, 39, 40, 41, 42, 43, 44, 45, 46, 47, 48, 49, 51, 52, 53, 55, 56, 57, 58, 59, 60, 61, 62, 64, 66, 67, 68, 69, 70, 71, 72, 73, 74, 75, 76, 77, 78, 79, 80, 81, 82, 83, 84, 87, 88, 89, 90, 93, 94, 95, 96, 97, 98, 99, 100, 101, 102, 103, 104, 105, 107, 108, 111, 112, 113, 114, 115, 116, 118, 119, 120, 121, 122, 123, 124, 125, 126, 128, 129, 130, 131, 132, 133, 134, 137, 138, 142, 144, 146, 147, 152, 153, 155, 158, 159, 161, 162, 163, 165, 168, 169, 170, 172, 174, 179, 181, 184, 186, 187, 189, 190, 198, 199, 201, 203, 204, 206, 208, 210, 214, 217, 221, 225, 227, 230, 231, 232, 233, 236, 240, 241, 242, 245, 246]

n=20 length=283 marks=[0, 1, 8, 11, 68, 77, 94, 116, 121, 156, 158, 179, 194, 208, 212, 228, 240, 253, 259, 283]
Distances (190): [1, 2, 3, 4, 5, 6, 7, 8, 9, 10, 11, 12, 13, 14, 15, 16, 17, 18, 19, 20, 21, 22, 23, 24, 25, 26, 27, 28, 29, 30, 31, 32, 33, 34, 35, 36, 37, 38, 39, 40, 41, 42, 43, 44, 45, 46, 47, 48, 49, 50, 51, 52, 53, 54, 55, 56, 57, 58, 59, 60, 61, 62, 63, 64, 65, 66, 67, 68, 69, 70, 71, 72, 73, 74, 75, 76, 77, 78, 79, 80, 81, 82, 83, 84, 85, 86, 87, 88, 89, 90, 91, 92, 93, 94, 95, 96, 97, 100, 101, 102, 103, 104, 105, 107, 108, 110, 111, 112, 113, 114, 115, 116, 117, 118, 119, 120, 121, 124, 125, 126, 127, 131, 132, 134, 135, 137, 138, 140, 143, 144, 145, 146, 147, 148, 150, 151, 155, 156, 157, 158, 159, 160, 162, 163, 165, 167, 168, 171, 172, 176, 178, 179, 182, 183, 185, 186, 189, 191, 193, 194, 197, 200, 201, 204, 206, 207, 208, 211, 212, 215, 217, 220, 227, 228, 229, 232, 239, 240, 242, 245, 248, 251, 252, 253, 258, 259, 272, 275, 282, 283]

n=21 length=333 marks=[0, 2, 24, 56, 77, 82, 83, 95, 129, 144, 179, 186, 195, 255, 265, 285, 293, 296, 310, 329, 333]
Distances (210): [1, 2, 3, 4, 5, 6, 7, 8, 9, 10, 11, 12, 13, 14, 15, 16, 17, 18, 19, 20, 21, 22, 23, 24, 25, 26, 27, 28, 30, 31, 32, 33, 34, 35, 36, 37, 38, 39, 40, 41, 42, 44, 45, 46, 47, 48, 49, 50, 51, 52, 53, 54, 55, 56, 57, 58, 59, 60, 61, 62, 64, 66, 67, 68, 69, 70, 71, 73, 74, 75, 76, 77, 78, 79, 80, 81, 82, 83, 84, 86, 88, 90, 91, 93, 95, 96, 97, 98, 99, 100, 101, 102, 103, 104, 105, 106, 107, 109, 110, 111, 112, 113, 114, 115, 117, 118, 120, 121, 123, 124, 126, 127, 129, 130, 131, 134, 136, 138, 139, 141, 142, 143, 144, 147, 149, 150, 152, 154, 155, 156, 160, 162, 164, 166, 167, 170, 171, 172, 173, 177, 178, 179, 181, 182, 183, 184, 185, 186, 188, 189, 190, 193, 195, 198, 199, 200, 201, 202, 203, 204, 208, 209, 210, 211, 213, 214, 215, 216, 219, 227, 228, 229, 231, 233, 234, 237, 238, 240, 241, 246, 247, 250, 251, 252, 253, 254, 255, 256, 261, 263, 265, 269, 272, 273, 277, 283, 285, 286, 291, 293, 294, 296, 305, 308, 309, 310, 327, 329, 331, 333]

n=22 length=356 marks=[0, 1, 9, 14, 43, 70, 106, 122, 124, 128, 159, 179, 204, 223, 253, 263, 270, 291, 330, 341, 353, 356]
Distances (231): [1, 2, 3, 4, 5, 6, 7, 8, 9, 10, 11, 12, 13, 14, 15, 16, 17, 18, 19, 20, 21, 22, 23, 25, 26, 27, 28, 29, 30, 31, 34, 35, 36, 37, 38, 39, 40, 42, 43, 44, 45, 47, 49, 50, 51, 52, 53, 54, 55, 56, 57, 58, 59, 60, 61, 62, 63, 64, 65, 66, 67, 68, 69, 70, 71, 73, 74, 76, 77, 78, 79, 80, 81, 82, 83, 84, 85, 86, 87, 88, 89, 90, 91, 92, 93, 94, 95, 97, 98, 99, 100, 101, 103, 104, 105, 106, 107, 108, 109, 110, 111, 112, 113, 114, 115, 116, 117, 118, 119, 121, 122, 123, 124, 125, 126, 127, 128, 129, 130, 131, 132, 133, 134, 135, 136, 137, 139, 141, 142, 145, 146, 147, 148, 149, 150, 151, 152, 153, 157, 158, 159, 161, 162, 163, 164, 165, 167, 169, 170, 171, 174, 177, 178, 179, 180, 182, 183, 185, 190, 193, 194, 195, 197, 200, 202, 203, 204, 206, 208, 209, 210, 213, 214, 217, 219, 220, 221, 222, 223, 224, 225, 227, 228, 229, 231, 232, 234, 235, 239, 244, 247, 248, 249, 250, 252, 253, 254, 256, 260, 261, 262, 263, 269, 270, 271, 277, 282, 283, 286, 287, 290, 291, 298, 310, 313, 316, 321, 327, 329, 330, 332, 339, 340, 341, 342, 344, 347, 352, 353, 355, 356]

n=23 length=372 marks=[0, 3, 7, 17, 61, 66, 91, 99, 114, 159, 171, 199, 200, 226, 235, 246, 277, 316, 329, 348, 350, 366, 372]
Distances (253): [1, 2, 3, 4, 5, 6, 7, 8, 9, 10, 11, 12, 13, 14, 15, 16, 17, 18, 19, 20, 21, 22, 23, 24, 25, 26, 27, 28, 29, 30, 31, 32, 33, 34, 35, 36, 37, 38, 39, 40, 41, 42, 43, 44, 45, 46, 47, 48, 49, 50, 51, 52, 53, 54, 55, 56, 57, 58, 59, 60, 61, 63, 64, 66, 67, 68, 70, 71, 72, 73, 74, 75, 76, 77, 78, 80, 81, 82, 83, 84, 85, 86, 87, 88, 89, 90, 91, 92, 93, 94, 95, 96, 97, 98, 99, 100, 101, 102, 103, 104, 105, 106, 107, 108, 109, 110, 111, 112, 113, 114, 115, 116, 117, 118, 120, 121, 122, 124, 126, 127, 129, 130, 131, 132, 133, 134, 135, 136, 137, 138, 139, 140, 142, 144, 145, 146, 147, 148, 149, 150, 151, 152, 154, 155, 156, 157, 158, 159, 160, 163, 164, 165, 166, 167, 168, 169, 170, 171, 172, 173, 174, 177, 178, 179, 180, 182, 183, 185, 186, 189, 191, 192, 193, 195, 196, 197, 199, 200, 201, 202, 207, 209, 211, 213, 215, 216, 217, 218, 219, 223, 225, 226, 228, 229, 230, 232, 234, 235, 236, 238, 239, 243, 246, 249, 250, 251, 252, 255, 257, 258, 259, 260, 263, 267, 268, 270, 273, 274, 275, 277, 281, 282, 284, 287, 289, 299, 300, 305, 306, 309, 311, 312, 313, 316, 322, 326, 329, 331, 333, 341, 343, 345, 347, 348, 349, 350, 355, 359, 363, 365, 366, 369, 372]

n=24 length=425 marks=[0, 9, 33, 37, 38, 97, 122, 129, 140, 142, 152, 191, 205, 208, 252, 278, 286, 326, 332, 353, 368, 384, 403, 425]
Distances (276): [1, 2, 3, 4, 5, 6, 7, 8, 9, 10, 11, 12, 13, 14, 15, 16, 17, 18, 19, 20, 21, 22, 23, 24, 25, 26, 27, 28, 29, 30, 31, 32, 33, 34, 35, 36, 37, 38, 39, 40, 41, 42, 43, 44, 45, 46, 47, 48, 49, 50, 51, 52, 53, 54, 55, 56, 57, 58, 59, 60, 61, 62, 63, 64, 65, 66, 67, 68, 69, 70, 71, 72, 73, 74, 75, 76, 77, 78, 79, 80, 81, 82, 83, 84, 85, 86, 87, 88, 89, 90, 91, 92, 93, 94, 95, 96, 97, 98, 99, 100, 101, 102, 103, 104, 105, 106, 107, 108, 109, 110, 111, 112, 113, 114, 115, 116, 117, 118, 119, 120, 121, 122, 123, 124, 125, 126, 127, 129, 130, 131, 132, 133, 134, 135, 136, 138, 139, 140, 141, 142, 143, 144, 145, 146, 147, 148, 149, 151, 152, 153, 154, 155, 156, 157, 158, 160, 162, 163, 164, 167, 168, 170, 171, 172, 173, 174, 175, 176, 177, 179, 180, 181, 182, 184, 186, 189, 190, 191, 192, 193, 195, 196, 197, 198, 199, 201, 203, 204, 205, 208, 210, 211, 212, 213, 214, 215, 216, 217, 219, 220, 224, 226, 228, 229, 231, 232, 234, 235, 239, 240, 241, 242, 243, 244, 245, 246, 248, 249, 251, 252, 253, 255, 256, 261, 262, 263, 269, 271, 273, 274, 277, 278, 281, 283, 285, 286, 287, 288, 289, 293, 294, 295, 296, 299, 303, 306, 315, 316, 317, 320, 323, 326, 328, 330, 331, 332, 335, 344, 346, 347, 351, 353, 359, 365, 366, 368, 370, 375, 384, 387, 388, 392, 394, 403, 416, 425]

n=25 length=480 marks=[0, 12, 29, 39, 72, 91, 146, 157, 160, 161, 166, 191, 207, 214, 258, 290, 316, 354, 372, 394, 396, 431, 459, 467, 480]
Distances (300): [1, 2, 3, 4, 5, 6, 7, 8, 9, 10, 11, 12, 13, 14, 15, 16, 17, 18, 19, 20, 21, 22, 23, 24, 25, 26, 27, 28, 29, 30, 31, 32, 33, 34, 35, 36, 37, 38, 39, 40, 41, 42, 43, 44, 45, 46, 47, 48, 49, 50, 51, 52, 53, 54, 55, 56, 57, 58, 59, 60, 61, 62, 63, 64, 65, 66, 67, 68, 69, 70, 71, 72, 73, 74, 75, 76, 77, 78, 79, 80, 82, 83, 84, 85, 86, 87, 88, 89, 91, 92, 94, 95, 96, 97, 98, 99, 100, 101, 102, 104, 105, 106, 107, 108, 109, 112, 113, 114, 115, 116, 117, 118, 119, 121, 122, 123, 124, 125, 126, 127, 128, 129, 130, 131, 132, 133, 134, 135, 136, 137, 138, 140, 141, 142, 143, 144, 145, 146, 147, 148, 149, 150, 151, 152, 154, 155, 156, 157, 158, 159, 160, 161, 162, 163, 164, 165, 166, 167, 168, 169, 170, 173, 175, 177, 178, 179, 180, 181, 182, 185, 186, 187, 188, 189, 190, 191, 193, 194, 195, 197, 199, 201, 202, 203, 205, 206, 207, 208, 209, 211, 212, 214, 215, 217, 218, 219, 222, 224, 225, 226, 228, 229, 230, 233, 234, 235, 236, 237, 239, 240, 244, 245, 246, 248, 250, 251, 252, 253, 258, 260, 261, 263, 265, 266, 268, 270, 271, 273, 274, 276, 277, 278, 281, 282, 285, 287, 289, 290, 293, 298, 299, 300, 301, 302, 303, 304, 305, 306, 307, 310, 313, 314, 315, 316, 319, 320, 321, 322, 323, 324, 325, 333, 334, 340, 342, 343, 354, 355, 357, 359, 360, 365, 367, 368, 372, 376, 382, 384, 387, 389, 392, 394, 395, 396, 402, 408, 419, 420, 428, 430, 431, 438, 441, 447, 451, 455, 459, 467, 468, 480]

n=26 length=492 marks=[0, 1, 33, 83, 104, 110, 124, 163, 185, 200, 203, 249, 251, 258, 314, 318, 343, 356, 386, 430, 440, 456, 464, 475, 487, 492]
Distances (325): [1, 2, 3, 4, 5, 6, 7, 8, 9, 10, 11, 12, 13, 14, 15, 16, 17, 18, 19, 20, 21, 22, 23, 24, 25, 26, 27, 28, 29, 30, 31, 32, 33, 34, 35, 36, 37, 38, 39, 40, 41, 42, 43, 44, 45, 46, 47, 48, 49, 50, 51, 52, 53, 54, 55, 56, 57, 58, 59, 60, 61, 62, 63, 64, 65, 66, 67, 68, 69, 70, 71, 72, 73, 74, 75, 76, 77, 78, 79, 80, 81, 82, 83, 84, 85, 86, 87, 88, 89, 90, 91, 92, 93, 94, 95, 96, 97, 98, 99, 100, 101, 102, 103, 104, 105, 106, 107, 108, 109, 110, 111, 112, 113, 114, 115, 116, 117, 118, 119, 120, 121, 122, 123, 124, 125, 126, 127, 128, 129, 130, 131, 132, 133, 134, 135, 136, 137, 138, 139, 140, 141, 142, 143, 144, 145, 146, 147, 148, 149, 150, 151, 152, 153, 154, 155, 156, 157, 158, 161, 162, 163, 166, 167, 168, 169, 170, 171, 172, 173, 174, 175, 178, 179, 180, 181, 182, 183, 184, 185, 186, 189, 190, 191, 193, 194, 198, 199, 200, 201, 202, 203, 204, 205, 206, 207, 208, 210, 213, 214, 215, 216, 217, 218, 219, 223, 224, 225, 226, 227, 229, 230, 231, 232, 233, 234, 235, 236, 237, 238, 239, 240, 241, 243, 245, 246, 248, 249, 250, 251, 252, 253, 255, 256, 257, 258, 260, 261, 262, 264, 267, 271, 272, 273, 275, 276, 277, 279, 281, 282, 284, 285, 287, 289, 290, 292, 293, 301, 302, 303, 306, 307, 310, 312, 313, 314, 316, 317, 318, 320, 323, 324, 326, 329, 330, 332, 336, 340, 342, 343, 346, 347, 351, 352, 353, 354, 355, 356, 357, 360, 363, 365, 368, 371, 373, 377, 381, 382, 383, 385, 386, 388, 392, 397, 404, 407, 409, 423, 429, 430, 431, 439, 440, 442, 454, 455, 456, 459, 463, 464, 474, 475, 486, 487, 491, 492]

n=27 length=553 marks=[0, 3, 15, 41, 66, 95, 97, 106, 142, 152, 220, 221, 225, 242, 295, 330, 338, 354, 382, 388, 402, 415, 486, 504, 523, 546, 553]
Distances (351): [1, 2, 3, 4, 5, 6, 7, 8, 9, 10, 11, 12, 13, 14, 15, 16, 17, 18, 19, 20, 21, 22, 23, 24, 25, 26, 27, 28, 29, 30, 31, 33, 34, 35, 36, 37, 38, 40, 41, 42, 43, 44, 45, 46, 47, 48, 49, 50, 51, 52, 53, 54, 55, 56, 57, 58, 59, 60, 61, 63, 64, 65, 66, 67, 68, 69, 70, 71, 72, 73, 74, 75, 76, 77, 78, 79, 80, 82, 83, 84, 85, 86, 87, 88, 89, 90, 91, 92, 93, 94, 95, 96, 97, 98, 100, 101, 102, 103, 104, 105, 106, 107, 108, 109, 110, 111, 112, 113, 114, 115, 116, 117, 118, 119, 120, 121, 122, 123, 124, 125, 126, 127, 128, 129, 130, 131, 132, 133, 134, 135, 136, 137, 138, 139, 140, 141, 142, 143, 144, 145, 146, 147, 148, 149, 150, 151, 152, 153, 154, 155, 156, 157, 158, 159, 160, 161, 162, 163, 164, 165, 166, 167, 168, 169, 171, 173, 174, 176, 177, 178, 179, 180, 181, 182, 184, 185, 186, 188, 189, 190, 191, 192, 193, 194, 195, 196, 198, 199, 200, 201, 202, 205, 206, 208, 209, 210, 212, 215, 216, 217, 218, 220, 221, 222, 223, 224, 225, 227, 228, 229, 230, 232, 233, 235, 236, 239, 240, 241, 242, 243, 244, 246, 248, 250, 251, 254, 257, 258, 259, 260, 261, 262, 263, 264, 265, 266, 272, 273, 276, 279, 280, 281, 282, 283, 284, 285, 287, 288, 289, 291, 292, 293, 295, 296, 297, 298, 302, 303, 304, 305, 307, 309, 311, 313, 315, 316, 318, 320, 321, 322, 323, 325, 326, 327, 328, 330, 332, 333, 334, 335, 336, 338, 339, 341, 344, 347, 349, 351, 352, 354, 361, 362, 367, 371, 373, 374, 379, 380, 381, 382, 385, 387, 388, 389, 391, 394, 398, 399, 400, 401, 402, 404, 407, 409, 411, 412, 415, 417, 420, 426, 428, 438, 440, 445, 447, 449, 451, 456, 457, 458, 463, 471, 480, 482, 483, 486, 487, 489, 501, 504, 505, 508, 512, 520, 523, 531, 538, 543, 546, 550, 553]

n=28 length=585 marks=[0, 3, 15, 41, 66, 95, 97, 106, 142, 152, 220, 221, 225, 242, 295, 330, 338, 354, 382, 388, 402, 415, 486, 504, 523, 546, 553, 585]
Distances (378): [1, 2, 3, 4, 5, 6, 7, 8, 9, 10, 11, 12, 13, 14, 15, 16, 17, 18, 19, 20, 21, 22, 23, 24, 25, 26, 27, 28, 29, 30, 31, 32, 33, 34, 35, 36, 37, 38, 39, 40, 41, 42, 43, 44, 45, 46, 47, 48, 49, 50, 51, 52, 53, 54, 55, 56, 57, 58, 59, 60, 61, 62, 63, 64, 65, 66, 67, 68, 69, 70, 71, 72, 73, 74, 75, 76, 77, 78, 79, 80, 81, 82, 83, 84, 85, 86, 87, 88, 89, 90, 91, 92, 93, 94, 95, 96, 97, 98, 99, 100, 101, 102, 103, 104, 105, 106, 107, 108, 109, 110, 111, 112, 113, 114, 115, 116, 117, 118, 119, 120, 121, 122, 123, 124, 125, 126, 127, 128, 129, 130, 131, 132, 133, 134, 135, 136, 137, 138, 139, 140, 141, 142, 143, 144, 145, 146, 147, 148, 149, 150, 151, 152, 153, 154, 155, 156, 157, 158, 159, 160, 161, 162, 163, 164, 165, 166, 167, 168, 169, 170, 171, 173, 174, 176, 177, 178, 179, 180, 181, 182, 183, 184, 185, 186, 188, 189, 190, 191, 192, 193, 194, 195, 196, 197, 198, 199, 200, 201, 202, 203, 205, 206, 208, 209, 210, 212, 215, 216, 217, 218, 220, 221, 222, 223, 224, 225, 227, 228, 229, 230, 231, 232, 233, 235, 236, 239, 240, 241, 242, 243, 244, 246, 247, 248, 250, 251, 254, 255, 257, 258, 259, 260, 261, 262, 263, 264, 265, 266, 272, 273, 276, 279, 280, 281, 282, 283, 284, 285, 287, 288, 289, 290, 291, 292, 293, 295, 296, 297, 298, 302, 303, 304, 305, 307, 309, 311, 313, 315, 316, 318, 320, 321, 322, 323, 325, 326, 327, 328, 330, 332, 333, 334, 335, 336, 338, 339, 341, 343, 344, 347, 349, 351, 352, 354, 360, 361, 362, 364, 365, 367, 371, 373, 374, 379, 380, 381, 382, 385, 387, 388, 389, 391, 394, 398, 399, 400, 401, 402, 404, 407, 409, 411, 412, 415, 417, 420, 426, 428, 433, 438, 440, 443, 445, 447, 449, 451, 456, 457, 458, 463, 471, 479, 480, 482, 483, 486, 487, 488, 489, 490, 501, 504, 505, 508, 512, 519, 520, 523, 531, 538, 543, 544, 546, 550, 553, 570, 582, 585]

